Mutiplicação coluna por coluna com A transposta
N = 4
A:
1.000000 2.000000 3.000000 4.000000 
5.000000 6.000000 7.000000 8.000000 
9.000000 10.000000 11.000000 12.000000 
13.000000 14.000000 15.000000 16.000000 


B:
1.000000 5.000000 9.000000 13.000000 
2.000000 6.000000 10.000000 14.000000 
3.000000 7.000000 11.000000 15.000000 
4.000000 8.000000 12.000000 16.000000 

Bloco M=2, N=2, K=2, i+k*lda=0, k+j*lda=0, i+j*lda=0
i:0, j:0, k:0
c(0,0) = 0.000000 + 1.000000 * 1.000000+ 5.000000 * 2.000000 = 11.000000
c(0,1) = 0.000000 + 1.000000 * 5.000000+ 5.000000 * 6.000000 = 35.000000
c(1,0) = 0.000000 + 2.000000 * 1.000000+ 6.000000 * 2.000000 = 14.000000
c(1,1) = 0.000000 + 2.000000 * 5.000000+ 6.000000 * 6.000000 = 46.000000

Bloco M=2, N=2, K=2, i+k*lda=8, k+j*lda=2, i+j*lda=0
i:0, j:0, k:2
c(0,0) = 11.000000 + 9.000000 * 3.000000+ 13.000000 * 4.000000 = 90.000000
c(0,1) = 35.000000 + 9.000000 * 7.000000+ 13.000000 * 8.000000 = 202.000000
c(1,0) = 14.000000 + 10.000000 * 3.000000+ 14.000000 * 4.000000 = 100.000000
c(1,1) = 46.000000 + 10.000000 * 7.000000+ 14.000000 * 8.000000 = 228.000000

Bloco M=2, N=2, K=2, i+k*lda=0, k+j*lda=8, i+j*lda=8
i:0, j:2, k:0
c(0,0) = 0.000000 + 1.000000 * 9.000000+ 5.000000 * 10.000000 = 59.000000
c(0,1) = 0.000000 + 1.000000 * 13.000000+ 5.000000 * 14.000000 = 83.000000
c(1,0) = 0.000000 + 2.000000 * 9.000000+ 6.000000 * 10.000000 = 78.000000
c(1,1) = 0.000000 + 2.000000 * 13.000000+ 6.000000 * 14.000000 = 110.000000

Bloco M=2, N=2, K=2, i+k*lda=8, k+j*lda=10, i+j*lda=8
i:0, j:2, k:2
c(0,0) = 59.000000 + 9.000000 * 11.000000+ 13.000000 * 12.000000 = 314.000000
c(0,1) = 83.000000 + 9.000000 * 15.000000+ 13.000000 * 16.000000 = 426.000000
c(1,0) = 78.000000 + 10.000000 * 11.000000+ 14.000000 * 12.000000 = 356.000000
c(1,1) = 110.000000 + 10.000000 * 15.000000+ 14.000000 * 16.000000 = 484.000000

Bloco M=2, N=2, K=2, i+k*lda=2, k+j*lda=0, i+j*lda=2
i:2, j:0, k:0
c(0,0) = 0.000000 + 3.000000 * 1.000000+ 7.000000 * 2.000000 = 17.000000
c(0,1) = 0.000000 + 3.000000 * 5.000000+ 7.000000 * 6.000000 = 57.000000
c(1,0) = 0.000000 + 4.000000 * 1.000000+ 8.000000 * 2.000000 = 20.000000
c(1,1) = 0.000000 + 4.000000 * 5.000000+ 8.000000 * 6.000000 = 68.000000

Bloco M=2, N=2, K=2, i+k*lda=10, k+j*lda=2, i+j*lda=2
i:2, j:0, k:2
c(0,0) = 17.000000 + 11.000000 * 3.000000+ 15.000000 * 4.000000 = 110.000000
c(0,1) = 57.000000 + 11.000000 * 7.000000+ 15.000000 * 8.000000 = 254.000000
c(1,0) = 20.000000 + 12.000000 * 3.000000+ 16.000000 * 4.000000 = 120.000000
c(1,1) = 68.000000 + 12.000000 * 7.000000+ 16.000000 * 8.000000 = 280.000000

Bloco M=2, N=2, K=2, i+k*lda=2, k+j*lda=8, i+j*lda=10
i:2, j:2, k:0
c(0,0) = 0.000000 + 3.000000 * 9.000000+ 7.000000 * 10.000000 = 97.000000
c(0,1) = 0.000000 + 3.000000 * 13.000000+ 7.000000 * 14.000000 = 137.000000
c(1,0) = 0.000000 + 4.000000 * 9.000000+ 8.000000 * 10.000000 = 116.000000
c(1,1) = 0.000000 + 4.000000 * 13.000000+ 8.000000 * 14.000000 = 164.000000

Bloco M=2, N=2, K=2, i+k*lda=10, k+j*lda=10, i+j*lda=10
i:2, j:2, k:2
c(0,0) = 97.000000 + 11.000000 * 11.000000+ 15.000000 * 12.000000 = 398.000000
c(0,1) = 137.000000 + 11.000000 * 15.000000+ 15.000000 * 16.000000 = 542.000000
c(1,0) = 116.000000 + 12.000000 * 11.000000+ 16.000000 * 12.000000 = 440.000000
c(1,1) = 164.000000 + 12.000000 * 15.000000+ 16.000000 * 16.000000 = 600.000000

Tempo = 0.000343 segundos

90.000000 202.000000 314.000000 426.000000 
100.000000 228.000000 356.000000 484.000000 
110.000000 254.000000 398.000000 542.000000 
120.000000 280.000000 440.000000 600.000000 

